[gd_scene load_steps=6 format=2]

[ext_resource path="res://addons/concept_graph/examples/assets/env.tres" type="Environment" id=1]
[ext_resource path="res://addons/concept_graph/src/core/concept_graph.gd" type="Script" id=2]
[ext_resource path="res://addons/concept_graph/src/editor/nodes/input_manager.gd" type="Script" id=3]
[ext_resource path="res://addons/concept_graph/src/editor/nodes/curve_input.gd" type="Script" id=4]

[sub_resource type="Curve3D" id=1]
_data = {
"points": PoolVector3Array( 0, 0, 0, 0, 0, 0, 1.83293, 0, -0.649144, -4.83182, -0.342773, 0.165039, 4.83182, 0.342773, -0.165039, 2.16326, 4.32031, -2.8242 ),
"tilts": PoolRealArray( 0, 0 )
}

[node name="ExampleScene" type="Spatial"]

[node name="WorldEnvironment" type="WorldEnvironment" parent="."]
environment = ExtResource( 1 )

[node name="DirectionalLight" type="DirectionalLight" parent="."]
transform = Transform( -0.5, 0.556671, 0.663414, 0, -0.766044, 0.642788, 0.866025, 0.321394, 0.383022, -0.248581, 8.00486, 0 )
light_color = Color( 0.992157, 0.717647, 0.0705882, 1 )
shadow_enabled = true
shadow_color = Color( 0.219608, 0, 0.172549, 1 )
shadow_bias = 0.0
directional_shadow_split_2 = 0.25
directional_shadow_blend_splits = true
directional_shadow_max_distance = 80.0

[node name="ConceptGraph" type="Spatial" parent="."]
script = ExtResource( 2 )
template_path = "res://addons/concept_graph/examples/templates/tree.cgraph"
show_result_in_editor_tree = false
paused = false

[node name="Input" type="Spatial" parent="ConceptGraph"]
script = ExtResource( 3 )

[node name="Path" type="Path" parent="ConceptGraph/Input"]
transform = Transform( 1, 0, 0, 0, 1, 0, 0, 0, 1, -1.83292, 0, 0.649148 )
curve = SubResource( 1 )
script = ExtResource( 4 )

[node name="Output" type="Spatial" parent="ConceptGraph"]

[node name="Position3D" type="Position3D" parent="ConceptGraph/Output"]
transform = Transform( 0.42336, 0.581851, 0.694417, 0, 0.766497, -0.642247, -0.905962, 0.271902, 0.324504, 1.83293, 0, -0.649144 )

[node name="Position3D2" type="Position3D" parent="ConceptGraph/Output"]
transform = Transform( 0.490054, 0.607068, 0.625552, 0, 0.717629, -0.696425, -0.871692, 0.341286, 0.351677, 1.17792, 0.656773, -0.980901 )

[node name="Position3D3" type="Position3D" parent="ConceptGraph/Output"]
transform = Transform( 0.575092, 0.614885, 0.539615, 0, 0.659605, -0.751612, -0.818088, 0.432247, 0.379334, 0.597089, 1.36734, -1.33963 )

[node name="Position3D4" type="Position3D" parent="ConceptGraph/Output"]
transform = Transform( 0.735174, 0.559003, 0.38345, 0, 0.565662, -0.824637, -0.677878, 0.606252, 0.41586, 0.133283, 2.14354, -1.73123 )

[node name="Position3D5" type="Position3D" parent="ConceptGraph/Output"]
transform = Transform( 0.999989, -0.00423531, -0.00213279, 0, 0.449765, -0.893147, 0.004742, 0.893137, 0.44976, -0.070109, 2.99687, -2.16126 )

[node name="Position3D6" type="Position3D" parent="ConceptGraph/Output"]
transform = Transform( 0.396489, -0.569189, -0.720292, 0, 0.784598, -0.620005, 0.91804, 0.245825, 0.311084, 0.321957, 3.77693, -2.55346 )

[node name="Position3D7" type="Position3D" parent="ConceptGraph/Output"]
transform = Transform( 0.126356, -0.244215, -0.961454, 0, 0.969222, -0.246188, 0.991985, 0.0311074, 0.122467, 1.19203, 4.17499, -2.75254 )

[node name="Position3D8" type="Position3D" parent="ConceptGraph/Output"]
transform = Transform( 0.0373809, -0.0770601, -0.996325, 0, 0.997022, -0.0771139, 0.999301, 0.00288259, 0.0372696, 2.16326, 4.32031, -2.8242 )
